0.0 0.0 0.0 0.0 0.0 0.0 0.0 0.0 0.0 0.0 0.0 0.0 0.0 0.0 0.0 0.0 0.0 0.0 0.0 0.0 0.0 0.0 0.0 0.0 0.08945272986415799 0.17890545972831598 0.17890545972831598 0.17890545972831598 0.17890545972831598 0.08945272986415799 0.0 0.0 0.0 0.0 0.0 0.0 0.0 0.0 0.0 0.0 0.0 0.0 0.0 0.0 0.0 0.0 0.0 0.0 0.0 0.0 
0.0 0.0 0.0 0.0 0.0 0.0 0.0 0.0 0.0 0.0 0.0 0.0 0.0 0.0 0.0 0.0 0.0 0.0 0.0 0.0 0.0 0.0 0.0 0.0 0.08945272986415799 0.17890545972831598 0.22363182466039497 0.22363182466039497 0.22363182466039497 0.13417909479623699 0.044726364932078995 0.0 0.0 0.0 0.0 0.0 0.0 0.0 0.0 0.0 0.0 0.0 0.0 0.0 0.0 0.0 0.0 0.0 0.0 0.0 
0.0 0.0 0.0 0.0 0.0 0.0 0.0 0.0 0.0 0.0 0.0 0.0 0.0 0.0 0.0 0.0 0.0 0.0 0.0 0.0 0.0 0.0 0.08945272986415799 0.08945272986415799 0.17890545972831598 0.26835818959247398 0.31308455452455297 0.22363182466039497 0.22363182466039497 0.13417909479623699 0.044726364932078995 0.0 0.0 0.0 0.0 0.0 0.0 0.0 0.0 0.0 0.0 0.0 0.0 0.0 0.0 0.0 0.0 0.0 0.0 0.0 
0.0 0.0 0.0 0.0 0.0 0.0 0.0 0.0 0.0 0.0 0.0 0.0 0.0 0.0 0.0 0.0 0.0 0.0 0.0 0.0 0.0 0.0 0.08945272986415799 0.13417909479623699 0.22363182466039497 0.31308455452455297 0.35781091945663196 0.26835818959247398 0.22363182466039497 0.13417909479623699 0.044726364932078995 0.0 0.0 0.0 0.0 0.0 0.0 0.0 0.0 0.0 0.0 0.0 0.0 0.0 0.0 0.0 0.0 0.0 0.0 0.0 
0.0 0.0 0.0 0.0 0.0 0.0 0.0 0.0 0.0 0.0 0.0 0.0 0.0 0.0 0.0 0.0 0.0 0.0 0.0 0.0 0.0 0.0 0.08945272986415799 0.13417909479623699 0.13417909479623699 0.22363182466039497 0.26835818959247398 0.17890545972831598 0.13417909479623699 0.13417909479623699 0.044726364932078995 0.0 0.0 0.0 0.0 0.0 0.0 0.0 0.0 0.0 0.0 0.0 0.0 0.0 0.0 0.0 0.0 0.0 0.0 0.0 
0.0 0.0 0.0 0.0 0.0 0.0 0.0 0.0 0.0 0.0 0.0051830012071580282 0.0051830012071580282 0.0051830012071580282 0.0051830012071580282 0.0051830012071580282 0.0051830012071580282 0.0051830012071580282 0.0051830012071580282 0.0051830012071580282 0.0051830012071580282 0.0 0.0 0.08945272986415799 0.13417909479623699 0.13417909479623699 0.13417909479623699 0.17890545972831598 0.08945272986415799 0.044726364932078995 0.044726364932078995 0.044726364932078995 0.0 0.0 0.0 0.0 0.0 0.0 0.0 0.0 0.0 -0.086384908535403426 -0.086384908535403426 -0.086384908535403426 -0.086384908535403426 -0.086384908535403426 0.0 0.0 0.0 0.0 0.0 
0.0 0.0 0.0 0.0 0.0 0.0 0.0 0.0 0.0 0.0 0.0051830012071580282 0.027630576271677955 0.027630576271677955 0.027630576271677955 0.027630576271677955 0.027630576271677955 0.0051830012071580282 0.0051830012071580282 0.0051830012071580282 0.0051830012071580282 0.0 0.0 0.08945272986415799 0.13417909479623699 0.13417909479623699 0.13417909479623699 0.13417909479623699 0.044726364932078995 0.0 0.0 0.0 0.0 0.0 0.0 0.0 0.0 0.0 0.0 0.0 0.0 -0.086384908535403426 -0.12957736280310514 -0.12957736280310514 -0.12957736280310514 -0.12957736280310514 -0.043192454267701713 0.0 0.0 0.0 0.0 
0.0 0.0 0.0 0.0 0.0 0.0 0.0 0.0 0.0 0.0 0.0051830012071580282 0.027630576271677955 0.072525726400717805 0.072525726400717805 0.072525726400717805 0.072525726400717805 0.050078151336197883 0.0051830012071580282 0.0051830012071580282 0.0051830012071580282 0.0 0.0 0.0 0.044726364932078995 0.044726364932078995 0.044726364932078995 0.044726364932078995 0.044726364932078995 0.0 0.0 0.0 0.0 0.0 0.0 0.0 0.0 0.0 0.0 0.0 0.0 -0.086384908535403426 -0.12957736280310514 -0.21596227133850857 -0.21596227133850857 -0.21596227133850857 -0.12957736280310514 -0.086384908535403426 0.0 0.0 0.0 
0.0 0.0 0.0 0.0 0.0 0.0 0.0 0.0 0.0 0.0 0.0051830012071580282 0.027630576271677955 0.072525726400717805 0.12276339639301126 0.12276339639301126 0.12276339639301126 0.10031582132849133 0.055420671199451474 0.0051830012071580282 0.0051830012071580282 0.0 0.0 0.0 0.0 0.0 0.0 0.0 0.0 0.0 0.0 0.0 0.0 0.0 0.0 0.0 0.0 0.0 0.0 0.0 0.0 -0.086384908535403426 -0.12957736280310514 -0.21596227133850857 -0.25915472560621028 -0.25915472560621028 -0.17276981707080685 -0.12957736280310514 -0.043192454267701713 0.0 0.0 
-0.088666569712008703 -0.088666569712008703 -0.088666569712008703 -0.088666569712008703 0.0 0.0 0.0 0.0 0.0 0.0 0.0051830012071580282 0.027630576271677955 0.072525726400717805 0.12276339639301126 0.22323873637759817 0.22323873637759817 0.20079116131307823 0.15589601118403837 0.10565834119174491 0.0051830012071580282 0.0 0.0 0.0 0.0 0.0 0.0 0.0 0.0 0.0 0.0 0.0 0.0 0.0 0.0 0.0 0.0 0.0 0.0 0.0 -0.086384908535403426 -0.17276981707080685 -0.21596227133850857 -0.30234717987391202 -0.34553963414161371 -0.25915472560621028 -0.17276981707080685 -0.12957736280310514 -0.043192454267701713 0.0 0.0 
-0.26599970913602611 -0.26599970913602611 -0.26599970913602611 -0.26599970913602611 -0.17733313942401741 0.0 0.0 0.0 0.0 0.0 0.045054668785135421 0.06750224384965535 0.11239739397869521 0.16263506397098865 0.26311040395557561 0.26311040395557561 0.24066282889105567 0.19576767876201578 0.14553000876972233 0.045054668785135421 0.0 0.0 0.0 0.0 0.0 0.0 0.0 0.0 0.0 0.0 0.0 0.0 0.0 0.0 0.0 0.0 0.0 0.0 0.0 -0.086384908535403426 -0.086384908535403426 -0.12957736280310514 -0.21596227133850857 -0.25915472560621028 -0.17276981707080685 -0.17276981707080685 -0.12957736280310514 -0.043192454267701713 0.0 0.0 
-0.35466627884803481 -0.26599970913602611 -0.26599970913602611 -0.26599970913602611 -0.17733313942401741 0.0 0.0 0.0 0.0 0.0 0.045054668785135421 0.072844763712908947 0.1177399138419488 0.16797758383424227 0.26845292381882918 0.26845292381882918 0.24066282889105567 0.19576767876201578 0.14553000876972233 0.045054668785135421 0.0 0.0 0.0 0.0 0.0 0.0 0.0 0.0 0.0 0.0 0.0 0.0 0.0 0.0 0.0 0.0 0.0 0.0 0.0 -0.086384908535403426 -0.086384908535403426 -0.086384908535403426 -0.17276981707080685 -0.21596227133850857 -0.12957736280310514 -0.12957736280310514 -0.12957736280310514 -0.043192454267701713 0.0 0.0 
-0.53199941827205222 -0.44333284856004351 -0.26599970913602611 -0.26599970913602611 -0.17733313942401741 0.0 0.0 0.0 0.0 0.0 0.045054668785135421 0.072844763712908947 0.12842495356845601 0.17866262356074947 0.27913796354533632 0.27913796354533632 0.25134786861756281 0.19576767876201578 0.14553000876972233 0.045054668785135421 0.0 0.0 0.0 0.0 0.0 0.0 0.0 0.0 0.0 0.0 0.0 0.0 0.0 0.0 0.0 0.0 0.0 0.0 0.0 -0.086384908535403426 -0.086384908535403426 -0.086384908535403426 -0.086384908535403426 -0.12957736280310514 -0.043192454267701713 -0.043192454267701713 -0.043192454267701713 -0.043192454267701713 0.0 0.0 
-0.62066598798406092 -0.53199941827205222 -0.35466627884803481 -0.26599970913602611 -0.17733313942401741 0.0 0.0 0.0 0.0 0.0 0.045054668785135421 0.072844763712908947 0.12842495356845601 0.12842495356845601 0.22890029355304287 0.22890029355304287 0.20111019862526935 0.14553000876972233 0.14553000876972233 0.045054668785135421 0.0 0.0 0.0 0.0 0.0 0.0 0.0 0.0 0.0 0.0 0.0 0.0 0.0 0.0 0.0 0.0 0.0 0.0 0.0 -0.086384908535403426 -0.086384908535403426 -0.086384908535403426 -0.086384908535403426 -0.1255820681183861 -0.039197159582982678 -0.039197159582982678 -0.039197159582982678 -0.039197159582982678 0.0 0.0 
-0.62066598798406092 -0.53199941827205222 -0.35466627884803481 -0.26599970913602611 -0.17733313942401741 0.0 0.0 0.0 0.0 0.0 0.045054668785135421 0.072844763712908947 0.12842495356845601 0.12842495356845601 0.20289246768170016 0.20289246768170016 0.17510237275392665 0.11952218289837963 0.11952218289837963 0.045054668785135421 0.0 0.0 0.0 0.0 0.0 0.0 0.0 0.0 0.0 0.0 0.0 0.0 0.0 0.0 0.0 0.0 0.0 0.0 0.0 -0.078394319165965357 -0.078394319165965357 -0.078394319165965357 -0.078394319165965357 -0.11759147874894804 -0.06507239668440104 -0.06507239668440104 -0.06507239668440104 -0.06507239668440104 -0.025875237101418369 0.0 
-0.44333284856004351 -0.35466627884803481 -0.17733313942401741 -0.088666569712008703 0.0 0.0 0.0 0.0 0.0 0.0 0.0082571063243170942 0.03604720125209062 0.091627391107637665 0.091627391107637665 0.16609490522088188 0.22404820668549186 0.19625811175771835 0.14067792190217132 0.14067792190217132 0.066210407788927117 0.0 0.0 0.0 0.0 0.0 0.0 0.0 0.0 0.0 0.0 0.0 0.0 0.0 0.0 0.0 0.0 0.0 0.0 0.0 -0.078394319165965357 -0.18266387543334905 -0.18266387543334905 -0.18266387543334905 -0.22186103501633173 -0.16934195295178475 -0.090947633785819409 -0.090947633785819409 -0.090947633785819409 -0.051750474202836738 -0.025875237101418369 
-0.40506782299933375 -0.35466627884803481 -0.17733313942401741 -0.088666569712008703 0.0 0.0 0.0 0.0 0.0 0.0 0.0082571063243170942 0.016514212648634188 0.072094402504181226 0.072094402504181226 0.14656191661742543 0.20451521808203543 0.22523476249002336 0.16965457263447634 0.16965457263447634 0.095187058521232132 0.028976650732305011 0.0 0.0 0.0 0.0 0.0 0.0 0.0 0.0 0.0 0.0 0.0 0.0 0.0 0.0 0.0 0.0 0.0 0.0 -0.078394319165965357 -0.18266387543334905 -0.24773627211775009 -0.24773627211775009 -0.28693343170073277 -0.23441434963618579 -0.15602003047022045 -0.090947633785819409 -0.090947633785819409 -0.051750474202836738 -0.025875237101418369 
-0.32853777187791422 -0.27813622772661528 -0.17733313942401741 -0.088666569712008703 0.0 0.0 0.0 0.0 0.0 0.0 0.0082571063243170942 0.016514212648634188 0.090981726761878379 0.090981726761878379 0.16544924087512258 0.22340254233973261 0.24412208674772054 0.16965457263447634 0.16965457263447634 0.095187058521232132 0.028976650732305011 0.0 0.0 0.0 0.0 0.0 0.0 0.0 0.0 0.0 0.0 0.0 0.0 0.0 0.0 0.0 0.0 0.0 0.0 -0.078394319165965357 -0.18266387543334905 -0.24773627211775009 -0.3778810654865522 -0.41707822506953485 -0.36455914300498782 -0.28616482383902253 -0.22109242715462149 -0.090947633785819409 -0.051750474202836738 -0.025875237101418369 
-0.29027274631720446 -0.23987120216590552 -0.13906811386330764 -0.088666569712008703 0.0 0.0 0.0 0.0 0.0 0.0 0.0082571063243170942 0.016514212648634188 0.090981726761878379 0.12821548381850048 0.20268299793174469 0.26063629939635469 0.28135584380434259 0.20688832969109844 0.16965457263447634 0.095187058521232132 0.028976650732305011 0.0 0.0 0.0 0.0 0.0 0.0 0.0 0.0 0.0 0.0 0.0 0.0 0.0 0.0 0.0 0.0 0.0 0.0 -0.078394319165965357 -0.18266387543334905 -0.24773627211775009 -0.3778810654865522 -0.40375630258797046 -0.35123722052342354 -0.27284290135745826 -0.20777050467305719 -0.077625711304255107 -0.051750474202836738 -0.025875237101418369 
-0.30240926490779363 -0.25200772075649469 -0.15120463245389681 -0.10080308830259788 0.0 0.0 0.0 0.0 0.0 0.0 0.0082571063243170942 0.016514212648634188 0.090981726761878379 0.12821548381850048 0.12821548381850048 0.18616878528311051 0.20688832969109844 0.13242081557785423 0.095187058521232132 0.095187058521232132 0.028976650732305011 0.0 0.0 0.0 0.0 0.0 0.0 0.0 0.0 0.0 0.0 0.0 0.0 0.0 0.0 0.0 0.0 0.0 0.0 0.0 -0.10426955626738371 -0.16934195295178475 -0.29948674632058681 -0.32536198342200517 -0.35123722052342354 -0.27284290135745826 -0.20777050467305719 -0.077625711304255107 -0.051750474202836738 -0.025875237101418369 
-0.40321235321039151 -0.35281080905909257 -0.25200772075649469 -0.20160617660519575 -0.10080308830259788 0.0 0.0 0.0 0.0 0.0 0.0 0.0082571063243170942 0.082724620437561291 0.11995837749418339 0.11995837749418339 0.11995837749418339 0.14067792190217132 0.066210407788927117 0.028976650732305011 0.028976650732305011 0.028976650732305011 0.0 0.0 0.0 0.0 0.0 0.0 0.0 0.0 0.0 0.0 0.0 0.0 0.0 0.0 0.0 0.0 0.0 0.0 0.0 0.0 -0.06507239668440104 -0.19521719005320312 -0.22109242715462149 -0.24696766425603986 -0.24696766425603986 -0.18189526757163882 -0.051750474202836738 -0.025875237101418369 0.0 
-0.35281080905909257 -0.35281080905909257 -0.25200772075649469 -0.20160617660519575 -0.10080308830259788 0.0 0.0 0.0 0.0 0.0 0.0 0.0 0.074467514113244204 0.11170127116986631 0.11170127116986631 0.11170127116986631 0.11170127116986631 0.037233757056622102 0.0 0.0 0.0 0.0 0.0 0.0 0.0 0.0 0.0 0.0 0.0 0.0 0.0 0.0 0.0 0.0 0.0 0.0 0.0 0.0 0.0 0.0 0.0 0.0 -0.13014479336880208 -0.15602003047022045 -0.18189526757163882 -0.18189526757163882 -0.18189526757163882 -0.051750474202836738 -0.025875237101418369 0.0 
-0.25200772075649469 -0.25200772075649469 -0.25200772075649469 -0.20160617660519575 -0.10080308830259788 0.0 0.0 0.0 0.0 0.0 0.0 0.0 0.0 0.037233757056622102 0.037233757056622102 0.037233757056622102 0.037233757056622102 0.037233757056622102 0.0 0.0 0.0 0.0 0.0 0.0 0.0 0.0 0.0 -0.0091585703586998402 -0.0091585703586998402 -0.0091585703586998402 -0.0091585703586998402 -0.0091585703586998402 0.0 0.0 0.0 0.0 0.0 0.0 0.0 0.0 0.0 0.0 0.0 -0.025875237101418369 -0.051750474202836738 -0.051750474202836738 -0.051750474202836738 -0.051750474202836738 -0.025875237101418369 0.0 
-0.20160617660519575 -0.20160617660519575 -0.20160617660519575 -0.20160617660519575 -0.10080308830259788 0.0 0.0 0.0 0.0 0.0 0.0 0.0 0.0 0.0 0.0 0.0 0.0 0.0 0.0 0.0 0.0 0.0 0.0 0.0 0.0 0.0 0.0 -0.0091585703586998402 -0.01831714071739968 -0.01831714071739968 -0.01831714071739968 -0.01831714071739968 -0.0091585703586998402 0.0 0.0 0.0 0.0 0.0 0.0 0.0 0.0 0.0 0.0 0.0 -0.025875237101418369 -0.025875237101418369 -0.025875237101418369 -0.025875237101418369 -0.025875237101418369 0.0 
-0.10080308830259788 -0.10080308830259788 -0.10080308830259788 -0.10080308830259788 -0.10080308830259788 0.0 0.0 0.0 0.0 0.0 0.0 0.0 0.0 0.0 0.0 0.0 0.0 0.0 0.0 0.0 0.0 0.0 0.0 0.0 0.0 0.0 0.0 -0.0091585703586998402 -0.01831714071739968 -0.036634281434799361 -0.036634281434799361 -0.036634281434799361 -0.027475711076099522 -0.01831714071739968 0.0 0.0 0.0 0.0 0.0 0.0 0.0 0.0 0.0 0.0 0.0 0.0 0.0 0.0 0.0 0.0 
0.0 0.0 0.0 0.0 0.0 0.0 0.0 0.0 0.0 0.0 0.0 0.0 0.0 0.0 0.0 0.0 0.0 0.0 0.0 0.0 0.0 0.0 0.0 0.0 0.0 0.0 0.0 -0.0091585703586998402 -0.01831714071739968 -0.036634281434799361 -0.054951422152199038 -0.054951422152199038 -0.045792851793499199 -0.036634281434799361 -0.01831714071739968 0.0 0.0 0.0 0.0 0.0 0.0 0.0 0.0 0.0 0.0 0.0 0.0 0.0 0.0 0.0 
0.0 0.0 0.0 0.0 0.0 0.0 0.0 0.0 0.0 0.0 0.0 0.0 0.0 0.0 0.0 0.0 0.0 0.0 0.0 0.0 0.0 0.0 0.0 0.0 0.0 0.0 0.0 -0.0091585703586998402 -0.01831714071739968 -0.036634281434799361 -0.054951422152199038 -0.064109992510898883 -0.054951422152199038 -0.045792851793499199 -0.027475711076099522 -0.0091585703586998402 0.0 0.0 0.0 0.0 0.0 0.0 0.0 0.0 0.0 0.0 0.0 0.0 0.0 0.0 
0.0 0.0 0.0 0.0 0.0 0.0 0.0 0.0 0.0 0.0 0.0 0.0 0.0 0.0 0.0 0.0 0.0 -0.044758678434906239 -0.044758678434906239 -0.044758678434906239 -0.044758678434906239 -0.044758678434906239 0.0 0.0 0.0 0.0 0.0 -0.0091585703586998402 -0.01831714071739968 -0.036634281434799361 -0.054951422152199038 -0.064109992510898883 -0.14811286432231052 -0.1389542939636107 -0.12063715324621101 -0.10232001252881132 -0.093161442170111478 0.0 0.0 0.0 0.0 0.0 0.0 0.0 0.0 0.0 0.0 0.0 0.0 0.0 
0.0 0.0 0.0 0.0 0.0 0.0 0.0 0.0 0.0 0.0 0.0 0.0 0.0 -0.044758678434906239 -0.044758678434906239 -0.044758678434906239 -0.044758678434906239 -0.089517356869812478 -0.044758678434906239 -0.044758678434906239 -0.044758678434906239 -0.044758678434906239 0.0 0.0 0.0 0.0 0.0 -0.0091585703586998402 -0.0091585703586998402 -0.027475711076099522 -0.045792851793499199 -0.054951422152199038 -0.1389542939636107 -0.18553501504866643 -0.16721787433126675 -0.14890073361386708 -0.13974216325516722 -0.046580721085055739 0.0 0.0 0.0 0.0 0.0 0.0 0.0 0.0 0.0 0.0 0.0 0.0 
0.0 0.0 0.0 0.0 0.0 0.0 0.0 0.0 0.0 0.0 0.0 0.0 0.0 -0.044758678434906239 -0.13427603530471871 -0.13427603530471871 -0.13427603530471871 -0.17903471373962496 -0.13427603530471871 -0.044758678434906239 -0.044758678434906239 -0.044758678434906239 0.0 0.0 0.0 0.0 0.0 -0.0091585703586998402 -0.0091585703586998402 -0.10232001252881132 -0.12063715324621101 -0.12979572360491085 -0.21379859541632248 -0.26037931650137819 -0.16721787433126675 -0.14890073361386708 -0.13974216325516722 -0.046580721085055739 0.0 0.0 0.0 0.0 0.0 0.0 0.065422519809273078 0.065422519809273078 0.065422519809273078 0.065422519809273078 0.065422519809273078 0.0 
0.0 0.0 0.0 0.0 0.0 0.0 0.0 0.0 0.0 0.0 0.0 0.0 0.0 -0.044758678434906239 -0.13427603530471871 -0.2237933921745312 -0.2237933921745312 -0.26855207060943742 -0.2237933921745312 -0.13427603530471871 -0.044758678434906239 -0.044758678434906239 0.0 0.0 0.0 0.0 0.0 -0.0091585703586998402 -0.0091585703586998402 -0.10232001252881132 -0.19548145469892281 -0.20464002505762266 -0.28864289686903427 -0.33522361795409 -0.24206217578397854 -0.14890073361386708 -0.13974216325516722 -0.046580721085055739 0.0 0.0 0.0 0.0 0.0 0.0 0.065422519809273078 0.19626755942781923 0.19626755942781923 0.19626755942781923 0.19626755942781923 0.13084503961854616 
0.0 0.0 0.0 0.0 0.0 0.0 0.0 0.0 0.0 0.0 0.0 0.0 0.0 -0.044758678434906239 -0.13427603530471871 -0.2237933921745312 -0.26855207060943742 -0.31331074904434364 -0.26855207060943742 -0.17903471373962496 -0.089517356869812478 -0.14199163187672034 -0.097232953441814096 -0.097232953441814096 -0.097232953441814096 -0.097232953441814096 0.0 -0.0091585703586998402 -0.0091585703586998402 -0.10232001252881132 -0.19548145469892281 -0.24206217578397854 -0.32606504759539018 -0.37264576868044591 -0.27948432651033445 -0.18632288434022296 -0.13974216325516722 -0.046580721085055739 0.0 0.0 0.0 0.0 0.0 0.0 0.065422519809273078 0.19626755942781923 0.26169007923709231 0.26169007923709231 0.26169007923709231 0.19626755942781923 
0.0 0.0 0.0 0.0 0.0 0.0 0.0 0.0 0.0 0.0 0.0 0.0 0.0 -0.044758678434906239 -0.13427603530471871 -0.2237933921745312 -0.26855207060943742 -0.31331074904434364 -0.26855207060943742 -0.17903471373962496 -0.089517356869812478 -0.14199163187672034 -0.29169886032544229 -0.29169886032544229 -0.29169886032544229 -0.29169886032544229 -0.19446590688362819 0.0 0.0 -0.093161442170111478 -0.18632288434022296 -0.23290360542527869 -0.23290360542527869 -0.27948432651033445 -0.18632288434022296 -0.093161442170111478 -0.046580721085055739 -0.046580721085055739 0.0 0.0 0.0 0.0 0.0 0.0 0.065422519809273078 0.19626755942781923 0.26169007923709231 0.39253511885563841 0.39253511885563841 0.32711259904636536 
0.0 0.0 0.0 0.0 0.0 0.0 0.0 0.0 0.0 0.0 0.0 0.0 0.0 0.0 -0.089517356869812478 -0.17903471373962496 -0.2237933921745312 -0.26855207060943742 -0.26855207060943742 -0.17903471373962496 -0.089517356869812478 -0.14199163187672034 -0.29169886032544229 -0.38893181376725638 -0.38893181376725638 -0.38893181376725638 -0.29169886032544229 -0.097232953441814096 0.0 -0.093161442170111478 -0.18632288434022296 -0.23290360542527869 -0.23290360542527869 -0.23290360542527869 -0.13974216325516722 -0.046580721085055739 0.0 0.0 0.0 0.0 0.0 0.0 0.0 0.065422519809273078 0.13084503961854616 0.26169007923709231 0.32711259904636536 0.45795763866491146 0.39253511885563841 0.32711259904636536 
0.0 0.0 0.0 0.0 0.0 0.0 0.0 0.0 0.0 0.0 0.0 0.0 0.0 0.0 0.0 -0.089517356869812478 -0.13427603530471871 -0.17903471373962496 -0.17903471373962496 -0.17903471373962496 -0.089517356869812478 -0.14199163187672034 -0.29169886032544229 -0.38893181376725638 -0.58339772065088458 -0.58339772065088458 -0.48616476720907048 -0.29169886032544229 -0.19446590688362819 -0.21926749090500658 -0.3124289330751181 -0.35900965416017383 -0.35900965416017383 -0.35900965416017383 -0.13974216325516722 -0.046580721085055739 0.0 0.0 0.0 0.0 0.0 0.0 0.0 0.065422519809273078 0.13084503961854616 0.26169007923709231 0.32711259904636536 0.45795763866491146 0.39253511885563841 0.32711259904636536 
0.0 0.0 0.0 0.0 0.0 0.0 0.0 0.0 0.0 0.0 0.0 0.0 0.0 0.0 0.0 0.0 -0.044758678434906239 -0.089517356869812478 -0.089517356869812478 -0.089517356869812478 -0.28398326375344068 -0.33645753876034856 -0.48616476720907048 -0.58339772065088458 -0.77786362753451277 -0.80266521155589121 -0.70543225811407706 -0.51096635123044887 -0.41373339778863477 -0.43853498181001316 -0.21926749090500658 -0.26584821199006231 -0.26584821199006231 -0.26584821199006231 -0.046580721085055739 -0.046580721085055739 0.0 0.0 0.0 0.0 0.0 0.0 0.0 0.065422519809273078 0.13084503961854616 0.13084503961854616 0.19626755942781923 0.32711259904636536 0.26169007923709231 0.19626755942781923 
0.0 0.0 0.0 0.0 0.0 0.0 0.0 0.0 0.0 0.0 0.0 0.0 0.0 0.0 0.0 0.0 0.0 -0.044758678434906239 -0.044758678434906239 -0.044758678434906239 -0.23922458531853444 -0.23922458531853444 -0.38893181376725638 -0.48616476720907048 -0.68063067409269862 -0.70543225811407706 -0.81506600356658032 -0.62060009668295213 -0.52336714324113809 -0.54816872726251642 -0.3289012363575099 -0.21926749090500658 -0.21926749090500658 -0.21926749090500658 0.0 0.0 0.0 0.0 0.0 0.0 0.0 0.0 0.0 0.065422519809273078 0.13084503961854616 0.13084503961854616 0.13084503961854616 0.26169007923709231 0.19626755942781923 0.13084503961854616 
0.0 0.0 0.0 0.0 0.0 0.0 0.0 0.0 0.0 0.0 0.0 0.0 0.0 0.0 0.0 0.0 0.0 0.0 0.0 0.0 -0.19446590688362819 -0.19446590688362819 -0.19446590688362819 -0.29169886032544229 -0.48616476720907048 -0.51096635123044887 -0.62060009668295213 -0.83986758758795865 -0.74263463414614461 -0.76743621816752294 -0.54816872726251642 -0.43853498181001316 -0.21926749090500658 -0.21926749090500658 0.0 0.0 0.0 0.0 0.0 0.0 0.0 0.0 0.0 0.065422519809273078 0.13084503961854616 0.13084503961854616 0.13084503961854616 0.13084503961854616 0.065422519809273078 0.0 
0.0 0.0 0.0 0.0 0.0 0.0 0.0 0.0 0.0 0.0 0.0 0.0 0.0 0.0 0.0 0.0 0.0 0.0 0.0 0.0 -0.19446590688362819 -0.19446590688362819 -0.19446590688362819 -0.19446590688362819 -0.38893181376725638 -0.41373339778863477 -0.52336714324113809 -0.74263463414614461 -0.85226837959864787 -0.87706996362002621 -0.65780247271501968 -0.54816872726251642 -0.3289012363575099 -0.21926749090500658 0.0 0.0 0.0 0.0 0.0 0.0 0.0 0.0 0.0 0.0 0.065422519809273078 0.065422519809273078 0.065422519809273078 0.065422519809273078 0.065422519809273078 0.0 
0.0 0.0 0.0 0.0 0.0 0.0 0.0 0.0 0.0 0.0 0.0 0.0 0.0 0.0 0.0 0.0 0.0 0.0 0.0 0.0 -0.19446590688362819 -0.19446590688362819 -0.19446590688362819 -0.19446590688362819 -0.19446590688362819 -0.21926749090500658 -0.3289012363575099 -0.54816872726251642 -0.65780247271501968 -0.65780247271501968 -0.43853498181001316 -0.3289012363575099 -0.10963374545250329 0.0 0.0 0.0 0.0 0.0 0.0 0.0 0.0 0.0 0.0 0.0 0.0 0.0 0.0 0.0 0.0 0.0 
0.0 0.0 0.0 0.0 0.0 0.0 0.0 0.0 0.0 0.0 0.0 0.0 0.0 0.0 0.0 0.0 0.0 0.0 0.0 0.0 0.0 0.0 0.0 0.0 0.0 0.0 -0.10963374545250329 -0.3289012363575099 -0.43853498181001316 -0.43853498181001316 -0.43853498181001316 -0.3289012363575099 -0.10963374545250329 0.0 0.0 0.0 0.0 0.0 0.0 0.0 0.0 0.0 0.0 0.0 0.0 0.0 0.0 0.0 0.0 0.0 
0.0 0.0 0.0 0.0 0.0 0.0 0.0 0.0 0.0 0.0 0.0 0.0 0.0 0.0 0.0 0.0 0.0 0.0 0.0 0.0 0.0 -0.054056056024368852 -0.054056056024368852 -0.054056056024368852 -0.054056056024368852 -0.054056056024368852 0.0 -0.21926749090500658 -0.3289012363575099 -0.3289012363575099 -0.3289012363575099 -0.3289012363575099 -0.10963374545250329 0.0 0.0 0.0 0.0 0.0 0.0 0.0 0.0 0.0 0.0 0.0 0.0 0.0 0.0 0.0 0.0 0.0 
0.0 0.0 0.0 0.0 0.0 0.0 0.0 0.0 0.0 0.0 0.0 0.0 0.0 0.0 0.0 0.0 0.0 0.0 0.0 0.0 0.0 -0.054056056024368852 -0.16216816807310655 -0.16216816807310655 -0.16216816807310655 -0.16216816807310655 -0.1081121120487377 0.0 -0.10963374545250329 -0.10963374545250329 -0.10963374545250329 -0.10963374545250329 -0.10963374545250329 0.0 0.0 0.0 0.0 0.0 0.0 0.0 0.0 0.0 0.0 0.0 0.0 0.0 0.0 0.0 0.0 0.0 
0.0 0.0 0.0 0.0 0.0 0.0 0.0 0.0 0.0 0.0 0.0 0.0 0.0 0.0 0.0 0.0 0.0 0.0 0.0 0.0 0.0 -0.054056056024368852 -0.16216816807310655 -0.21622422409747541 -0.21622422409747541 -0.21622422409747541 -0.16216816807310655 -0.054056056024368852 0.0 0.0 0.0 0.0 0.0 0.0 0.0 0.0 0.0 0.0 0.0 0.0 0.0 0.0 0.0 0.0 0.0 0.0 0.0 0.0 0.0 0.0 
0.10249977377779845 0.10249977377779845 0.10249977377779845 0.10249977377779845 0.0 0.0 0.0 0.0 0.0 0.0 0.0 0.0 0.0 0.0 0.0 0.0 0.0 0.0 0.0 0.0 0.0 -0.054056056024368852 -0.16216816807310655 -0.21622422409747541 -0.3243363361462131 -0.3243363361462131 -0.27028028012184424 -0.16216816807310655 -0.1081121120487377 -0.013820858356030761 -0.013820858356030761 -0.013820858356030761 -0.013820858356030761 -0.013820858356030761 0.0 0.0 0.0 0.0 0.0 0.0 0.0 0.0 0.0 0.0 0.0 0.0 0.0 0.0 0.0 0.0 
0.20499954755559691 0.20499954755559691 0.20499954755559691 0.20499954755559691 0.10249977377779845 0.0 0.0 0.0 0.0 0.0 0.0 0.0 0.0 0.0 0.0 0.0 0.0 0.0 0.0 0.0 -0.054056056024368852 -0.1081121120487377 -0.21622422409747541 -0.27028028012184424 -0.37839239217058196 -0.40603410888264352 -0.35197805285827466 -0.24386594080953694 -0.18980988478516808 -0.095518631092461143 -0.013820858356030761 -0.013820858356030761 -0.013820858356030761 -0.013820858356030761 0.0 0.0 0.0 0.0 0.0 0.0 0.0 0.0 0.0 0.0 0.0 0.0 0.0 0.0 0.0 0.0 
0.2562494344444961 0.20499954755559691 0.20499954755559691 0.20499954755559691 0.10249977377779845 0.0 0.0 0.0 0.0 0.0 0.0 0.0 0.0 0.0 0.0 0.0 0.0 0.0 0.0 0.0 -0.054056056024368852 -0.054056056024368852 -0.16216816807310655 -0.21622422409747541 -0.3243363361462131 -0.35197805285827466 -0.36579891121430541 -0.25768679916556769 -0.20363074314119883 -0.10933948944849191 -0.027641716712061521 -0.013820858356030761 -0.013820858356030761 -0.013820858356030761 0.0 0.0 0.0 0.0 0.0 0.0 0.0 0.0 0.0 0.0 0.0 0.0 0.0 0.0 0.0 0.0 
0.3587492082222945 0.3074993213333953 0.20499954755559691 0.20499954755559691 0.10249977377779845 0.0 0.0 0.0 0.0 0.0 0.0 0.0 0.0 0.0 0.0 0.0 0.0 0.0 0.0 0.0 -0.054056056024368852 -0.054056056024368852 -0.054056056024368852 -0.1081121120487377 -0.21622422409747541 -0.24386594080953694 -0.25768679916556769 -0.2853285158776292 -0.23127245985326034 -0.13698120616055343 -0.055283433424123042 -0.041462575068092283 -0.013820858356030761 -0.013820858356030761 0.0 0.0 0.0 0.0 0.0 0.0 0.0 0.0 0.0 0.0 0.0 0.0 0.0 0.0 0.0 0.0 
0.4099990951111937 0.3587492082222945 0.2562494344444961 0.20499954755559691 0.10249977377779845 0.0 0.0 0.0 0.0 0.0 0.0 0.0 0.0 0.0 0.0 0.0 0.0 0.0 0.0 0.0 -0.054056056024368852 -0.054056056024368852 -0.054056056024368852 -0.054056056024368852 -0.16216816807310655 -0.18980988478516808 -0.20363074314119883 -0.23127245985326034 -0.24509331820929109 -0.15080206451658418 -0.069104291780153801 -0.055283433424123042 -0.027641716712061521 -0.013820858356030761 0.0 0.0 0.0 0.0 0.0 0.0 0.0 0.0 0.0 0.0 0.0 0.0 0.0 0.0 0.0 0.0 
0.3074993213333953 0.2562494344444961 0.15374966066669768 0.10249977377779845 0.10249977377779845 0.0 0.0 0.0 0.0 0.0 0.0 0.0 0.0 0.0 0.0 0.0 0.0 0.0 0.0 0.0 -0.054056056024368852 -0.054056056024368852 -0.054056056024368852 -0.054056056024368852 -0.054056056024368852 -0.081697772736430377 -0.095518631092461143 -0.12316034780452267 -0.13698120616055343 -0.15080206451658418 -0.069104291780153801 -0.055283433424123042 -0.027641716712061521 -0.013820858356030761 0.0 0.0 0.0 0.0 0.0 0.0 0.0 0.0 0.0 0.0 0.0 0.0 0.0 0.0 0.0 0.0 
